time,x,y,z,phi,theta,psi,x_velocity,y_velocity,z_velocity,phi_velocity,theta_velocity,psi_velocity,rotor_speed1,rotor_speed2,rotor_speed3,rotor_speed4
0.06,-1.8568892890146195e-07,5.0025083700404645e-08,10.001790762075307,6.282765956077158,0.00020023290284942874,0.0,-1.6495846938192508e-05,-1.260152482224094e-05,0.05969024749800582,-0.027077748352318687,0.009292446932288766,0.0,423.7140321382005,424.5119509504547,424.8848420022082,422.55749175553296
0.12000000000000001,-6.842497804924906e-06,-1.2989850094176686e-05,10.004884568635443,6.281252337134951,0.0012163817394457155,0.0,-0.0002748585871431942,-0.0005549128494747833,0.04343744819772908,-0.021761470968550564,0.02898889716235328,0.0,397.9699040097566,399.7683255285543,397.52340993722413,398.0099793106424
0.18,-5.635152302468181e-05,-9.309314223295892e-05,10.011354375639028,6.279941254854609,0.002707892985180038,0.0,-0.001548848494570776,-0.002254220361282885,0.17221069527564645,-0.022031762570144456,0.01495849758839421,0.0,446.13875650663846,444.9920187884897,446.3315265301764,446.30945930905835
0.23999999999999996,-0.00021400430904940028,-0.00030688211846156594,10.026539565430385,6.2786195741555115,0.0036329587953671805,0.0,-0.003807457106761279,-0.005018881041457894,0.33392736547402396,-0.022020511781775116,0.016320790528316417,0.0,455.56080449053195,455.66959631365177,456.60883210645255,456.6097259486854
0.3,-0.0005209395598484525,-0.0007055604011976046,10.04931371539459,6.27777626902839,0.005165136333038944,0.0,-0.00655458096531532,-0.008375752319636429,0.42517976798802165,-0.0015998673711504867,0.03949140685861814,0.0,433.3568404717119,435.29995493689773,433.31985087819277,435.0328937473215
0.36000000000000004,-0.001029935541055769,-0.0013201944703383826,10.077824813248798,6.277708726013234,0.007460164949842252,0.0,-0.010649753247766288,-0.01212015146459494,0.5251474665344588,-0.0001938148608614855,0.03564603295621993,0.0,437.06644643257846,436.74662868083686,437.2425648710755,437.3596940725945
0.4200000000000001,-0.0018048253768378302,-0.002142139032501981,10.108979724451798,6.277796891465682,0.00927294919519106,0.0,-0.015351494836066057,-0.015274602288030521,0.5133536564801495,0.004604287971202955,0.0161972929663935,0.0,401.1340735276713,399.3646942870638,399.85857135930854,400.2953418244596
0.48000000000000015,-0.0029353286855222926,-0.0031763938286899626,10.144185349574597,6.278050760081705,0.010855451868246213,0.0,-0.022476169622604354,-0.019171289385046576,0.6600920588059568,0.0034741698417603208,0.04142484756240027,0.0,450.4852922637482,452.520445161561,452.13617529169863,452.0450516068288
0.5400000000000001,-0.004528204845453811,-0.0044367751618590206,10.18771791169426,6.278037188283204,0.013380263045176477,0.0,-0.030885812118297305,-0.022829262388821856,0.7909082940278171,-0.008904459046514018,0.043359314958868946,0.0,447.044789159411,447.2033122495418,447.49426653873445,446.485643540541
0.6000000000000002,-0.006690509472405454,-0.005923534156227703,10.239817026035672,6.277543054529286,0.015923555209422346,0.0,-0.04147276967383233,-0.02678534137620468,0.9456087607428593,-0.00693022292636704,0.040372186274928334,0.0,454.4224654697959,454.1839206188328,454.83161427903826,454.98979854858385
0.6600000000000003,-0.009527396964883783,-0.007652409976182035,10.300171816493402,6.277053463762879,0.01847174345808078,0.0,-0.0533498640932999,-0.030890673296420187,1.0661076389578792,-0.010740101157784027,0.046364652160962194,0.0,443.8030779732295,444.29558114356877,444.72354761061223,444.41153071654804
0.7200000000000003,-0.013135925368858312,-0.009639993339507597,10.367927227495729,6.276339780681171,0.0214677724988519,0.0,-0.06723890885545146,-0.0354331020100811,1.192275784903056,-0.01431012789209256,0.05625472651777594,0.0,446.52931498741265,447.3368371414171,445.85865085454157,445.5670390394788
0.7800000000000004,-0.01761426557580434,-0.011906648866588139,10.44189495346907,6.275573686676925,0.024872620570969062,0.0,-0.08237356705767018,-0.04020185393758427,1.2732193073395655,-0.0098502682073084,0.057714781732031976,0.0,432.4871528504921,432.6123978067045,431.88155200356607,432.25762493770867
0.8400000000000004,-0.023111686327141678,-0.014485900541674254,10.522357438350317,6.275492112118384,0.028688410540715026,0.0,-0.10126246444546069,-0.045803863953710486,1.4086947299887511,0.01173862397104367,0.07332452943178758,0.0,448.67158404392063,449.93983286616634,449.24285701280803,450.9898437118109
0.9000000000000005,-0.029851569689705787,-0.01740350058448006,10.61171371900178,6.276770447585044,0.032620540926656894,0.0,-0.12386624820822811,-0.05133254537215132,1.5696260645065565,0.035666881752361775,0.041558078956050015,0.0,459.1518178698947,456.6277236320314,456.91938479487453,458.82285851121304
0.9600000000000005,-0.03800909938186976,-0.02061497232201363,10.710146614283941,6.279283282383139,0.03522733517865362,0.0,-0.14832124008255268,-0.055461342745387776,1.7112597529238536,0.05206434903449727,0.04697772502487984,0.0,452.5080895734281,452.9451351730527,451.52284219990594,452.8445533658232
1.0200000000000005,-0.04762666321458232,-0.02400954286719503,10.815231787953232,6.28221458068329,0.03754826028582414,0.0,-0.17252520681090486,-0.05738988208261037,1.7914466089736802,0.041510410184018756,0.011760755431384343,0.0,435.35452468719166,432.39871453659293,433.7943395000956,432.9087811145576
1.0800000000000005,-0.05887318786571438,-0.027464856945159755,10.928763287425273,0.0017690392817168998,0.03891998358106985,0.0,-0.20247602145401658,-0.05748010209768018,1.9926011132364834,0.05288664771324054,0.03891736350657988,0.0,469.901366573046,472.001719010758,470.8494308578501,471.72972842044095
1.1400000000000006,-0.07185979932601502,-0.03086260228243852,11.051921679208917,0.005723929834378083,0.040744833486237475,0.0,-0.23063356221593326,-0.055396394308515375,2.1124520798133863,0.08393048492814159,0.0021396401111885635,0.0,448.9270729282853,445.9333022041028,445.66422432049217,448.19724969138883
1.2000000000000006,-0.08647710873055815,-0.03405912965666309,11.180092735225724,0.011164605049636123,0.04087797027622475,0.0,-0.25662018083132154,-0.05065941455933656,2.159822228561709,0.10157114804319532,0.0023771004715349964,0.0,425.06867758683666,425.0889794972443,423.16562566935346,424.68856886447446
1.2600000000000007,-0.10255922664336425,-0.036893600807887936,11.308729666995355,0.01715679084436683,0.04086146305884597,0.0,-0.27946021734457577,-0.04332357633237821,2.128127353061795,0.0962323318645378,-0.006191873093100564,0.0,399.37851005719773,398.59621214144323,397.11472199069675,396.6346118449562
1.3200000000000007,-0.12011361664627937,-0.03914271103628096,11.437994757225287,0.022606518397696895,0.04044440647480485,0.0,-0.30564661455685094,-0.031112768800586922,2.18059986272477,0.07692414818931398,-0.008514064321540353,0.0,426.6304814197253,426.4322759177567,426.84340168229426,425.19968454614667
1.3800000000000008,-0.13933610176805605,-0.04049745510823087,11.57300303727893,0.02681520912981039,0.04005735372658226,0.0,-0.3350460015314132,-0.013570313721085879,2.319392461844248,0.050990542010334344,-0.0026144169151788715,0.0,453.87148562381503,454.3448153293937,454.63591479662125,452.5568325973724
1.4400000000000008,-0.16025514373006472,-0.04075559459302615,11.714823158663282,0.029726977654379816,0.03975225504957525,0.0,-0.36222775950859387,0.005260747591800116,2.4077522704109793,0.04308881966622993,-0.010551286873791421,0.0,438.87592092514535,438.2167720211089,439.19326975226386,438.53890192966367
1.5000000000000009,-0.1828849647537345,-0.03975947962117632,11.864136970572076,0.03277817452175569,0.03934387781016824,0.0,-0.3920314793207673,0.028249385460744,2.5690149478385105,0.06305537507356312,-0.00020765736935144307,0.0,460.8247133609397,461.64169961329986,461.3740454168961,462.94920083088937
1.560000000000001,-0.20728735549971072,-0.037318843241197996,12.022889553998331,0.036516791063673004,0.03913172531109588,0.0,-0.42135905638027576,0.05350666400891964,2.722366902305776,0.060777538959087975,-0.011199615648491581,0.0,461.55876883909616,460.69053760258043,459.08957894815444,458.91147427692306
1.620000000000001,-0.23337667359779599,-0.03334284714956894,12.189145086460663,0.04039383652016593,0.03869462070233354,0.0,-0.44822338585864163,0.07940076310937358,2.8192332592797067,0.07136047972673364,-0.00042352101150934084,0.0,443.79588079125523,444.6796023515597,442.1154714163886,442.9896127260399
1.680000000000001,-0.26109113209362694,-0.027710539501000657,12.361712817964396,0.04433875342139704,0.0385206482731526,0.0,-0.47557404809874815,0.10876223911210406,2.9327165047313053,0.05111611239432864,-0.008379396971314564,0.0,449.66364493645665,449.01874306154747,449.7524279043726,448.1128377193364
1.740000000000001,-0.29045147224025225,-0.02022689459810879,12.541332175301534,0.04694984783253453,0.0375552679799771,0.0,-0.5030265073302538,0.14098503963520637,3.0542606812371638,0.0205342736265715,-0.0396655400965967,0.0,453.09430625583263,450.5719862528224,453.9542137855954,451.49446889202625
1.8000000000000012,-0.3214090978599223,-0.010790705233508373,12.72761958954666,0.04843688784168343,0.03569965072220427,0.0,-0.528676265250648,0.17368173554437527,3.155042887758334,0.03215679744973897,-0.017534264431302612,0.0,445.8437419175656,447.6478876555444,445.81506024976653,446.76381168107093
1.8600000000000012,-0.3537775797107002,0.0005101168468652482,12.917271419895304,0.05091083685665865,0.034111032528486795,0.0,-0.5501706547071016,0.2032100915512624,3.1666414751785488,0.05502272084952518,-0.05800908028488684,0.0,420.2253368695056,416.7013945526242,417.1596749068715,419.1526160515615
1.9200000000000013,-0.3876711007737952,0.014048598421847415,13.115702148930978,0.054605278949956926,0.03098099900682172,0.0,-0.5791687666931824,0.24848422445311094,3.4468971721394315,0.07220994551709954,-0.04249345954038333,0.0,499.94381868016615,501.0715444077551,499.2119846001271,500.4667397802694
1.9800000000000013,-0.423092012082674,0.030157469827083987,13.326491698995907,0.05904300839763721,0.028711690240273313,0.0,-0.6012647466978578,0.28892346639901556,3.5789910149066424,0.0772527687579879,-0.029819229876810203,0.0,459.0088423726049,460.01293059327764,457.5187344885281,457.924156207026
2.0400000000000014,-0.45970832626415675,0.048610895289182686,13.54221811328152,0.06379030828425147,0.02659561360616891,0.0,-0.6191036642809384,0.32661578623976245,3.611757933459212,0.08261743107253709,-0.0493368021322022,0.0,428.55901499823875,426.8960477987832,428.4419683977772,428.9031147916361
2.1000000000000014,-0.4974089645684499,0.06955566011892185,13.762072125110567,0.06874652410039328,0.023450068601246876,0.0,-0.6372679201966022,0.37202932863983096,3.7163413455772845,0.08257593233880654,-0.05945411149061081,0.0,451.66572008985617,450.84720551367457,451.4264767114357,451.42855951321314
2.1600000000000015,-0.5361386958313805,0.09334323759315187,13.98841094562986,0.0736543590983505,0.020590622450567864,0.0,-0.6533933811198632,0.42137432614477255,3.8278807857791057,0.08019359701147126,-0.030876452798848812,0.0,452.2855643339075,454.5799181385736,455.18944457028516,455.0039949010423
2.2200000000000015,-0.5757204230125633,0.11996604488854952,14.218379504442403,0.07880852950140671,0.018758937303348766,0.0,-0.6658374045041663,0.4664915143184067,3.837663734477794,0.095390088817798,-0.02984042203333456,0.0,423.5507557734349,423.63949769221574,421.0082467150657,422.32755929932847
2.2800000000000016,-0.616064158924037,0.14959547681130955,14.451474718749763,0.08516987993432057,0.017139643799498394,0.0,-0.678779509460083,0.5217446337321583,3.9317941073459814,0.12156388497448908,-0.02182060237551546,0.0,449.2723856631397,449.9220318066827,449.1541335394376,451.28132313144033
2.3400000000000016,-0.6571151702287529,0.1824785642858916,14.687929856048846,0.09312567003146643,0.01602425687451614,0.0,-0.6894811310670371,0.5750405032643702,3.9499030769572094,0.14856630576634913,-0.012805822413495442,0.0,426.5331337844281,427.30241402239363,424.75508004625885,427.081173388851
2.4000000000000017,-0.6988655845926363,0.21915763188189988,14.930183210012663,0.10195651235251901,0.014962266800658597,0.0,-0.7020913796598477,0.6485347471501647,4.124468928107843,0.14425833832006665,-0.02993103623790611,0.0,476.6302393736957,475.3196128021035,475.086238963093,474.77456659635305
2.4600000000000017,-0.741237630273698,0.2596914147918201,15.175616560946796,0.1107439035690927,0.013187563475288933,0.0,-0.7101790470197007,0.7032856810900502,4.056793555719255,0.15052095908355226,-0.028882381255447124,0.0,399.3543983116898,399.44967504431196,398.7190247981477,399.3135446153278
2.520000000000002,-0.7840713859844186,0.3036774020536337,15.417235712525981,0.11967887020871704,0.011269348317132888,0.0,-0.717475876643068,0.7636361830561857,3.9972821495733384,0.14550052628076288,-0.03899722947212822,0.0,402.37765938300123,401.46031352423904,401.7848526871345,401.3527923105481
2.580000000000002,-0.8273239815157012,0.35156531186635576,15.656422068457909,0.12801679310860248,0.008679911236755267,0.0,-0.7240752057865067,0.8333497650079288,3.9755533692482903,0.12085002115863298,-0.05314180022400036,0.0,415.2360899307784,413.9920284248741,415.55712096934315,413.4094970956188
2.640000000000002,-0.8709508612894741,0.4041565346143483,15.897243164126026,0.13521875323611265,0.005714746892132361,0.0,-0.729852146242338,0.9203562205991995,4.051418639273223,0.11834740162972626,-0.04285827092423042,0.0,446.71582561433314,447.552123820476,446.1279653812947,445.93648955748654
2.700000000000002,-0.9148587985194476,0.46186477349364724,16.140813254344458,0.14231701484579506,0.0036192730959179187,0.0,-0.7335411714921505,1.0038660066441936,4.0673966169789555,0.11821822127217,-0.022510530870915105,0.0,427.3271299187765,429.0576258290334,428.07579160873,428.0779586756719
2.760000000000002,-0.9589715649542639,0.5254611952444322,16.390514226565728,0.1493987572879485,0.0020022947321596263,0.0,-0.7367143944423515,1.1167114306595676,4.255102753569502,0.11764833611806506,-0.0377656964367336,0.0,482.900424424623,481.7480827953263,481.40678722500525,481.37499837542083
2.820000000000002,-1.0032287395023567,0.595561096825741,16.64862127618947,0.15616773271612328,6.2828312278205525,0.0,-0.7382918935669684,1.2205775535570857,4.347944005709104,0.10079541378901176,-0.04247100935289269,0.0,454.70305566401197,454.3251756085686,456.13614284687725,454.799000865073
2.880000000000002,-1.0475308997085782,0.6721216289007282,16.912883992506767,0.16256094453998315,6.280083915123678,0.0,-0.7381737540948369,1.3319931180754487,4.460203635556272,0.11610731631368225,-0.05342039161309377,0.0,462.63569205932026,461.7715028729906,461.3227510604084,462.5396972790333
2.940000000000002,-1.0917809074236327,0.7548275912685056,17.17978219662504,0.1694885942588611,6.276669724244018,0.0,-0.736550878697801,1.4254423129662324,4.436334413972261,0.11413672773048086,-0.06497883229457224,0.0,420.2667851214518,419.26114234301645,419.5482519695584,419.38988213901365
3.000000000000002,-1.135857421596068,0.8436339570579842,17.447431704011393,0.1759415459686018,6.272550611819348,0.0,-0.7322903072302961,1.5353366428750197,4.484935054395354,0.08921070671313426,-0.07724815368962559,0.0,444.8365511223398,443.82695658083605,443.92077343731904,441.88036272422374
3.0600000000000023,-1.1796378772806384,0.9385207824745972,17.714469302764154,0.18130546868053887,6.268123054489479,0.0,-0.726706500219809,1.6279830937552795,4.416447917797753,0.08977183282903528,-0.06765252114366453,0.0,405.30745756723013,406.16421659277796,404.6888489534818,404.74688884304635
3.1200000000000023,-1.2229550979987711,1.0397373225446873,17.981138447219877,0.18652748850790157,6.263867519341732,0.0,-0.7168071247222385,1.746323372333118,4.472118858284055,0.08090637656772198,-0.07843703610291056,0.0,446.1937272274226,445.30842419036753,447.4943600884037,446.778222965579
3.1800000000000024,-1.2656196325424063,1.1479028956343347,18.249838352745087,0.19161363800981768,6.259053661098587,0.0,-0.7049199082570964,1.8595805046506162,4.484320446733034,0.09154658244043774,-0.0840820411388458,0.0,433.1447514074942,432.66430774608295,433.12431863905,434.0244187610555
3.2400000000000024,-1.3074658652591076,1.2630757093371952,18.5198920041735,0.19724298718553523,6.25376377344495,0.0,-0.689481283412711,1.9799443828546175,4.517130617265291,0.09802169583141561,-0.09791948585503436,0.0,440.81269341839095,439.6609422770986,440.4554468476048,440.99820990200163
3.3000000000000025,-1.34803482596744,1.3871741327590246,18.799877477282944,0.20262931869125644,6.247959736401608,0.0,-0.6620846273547792,2.1571019875055173,4.8141697888693615,0.06316198861840264,-0.09446412311673123,0.0,520.3014338900243,520.5368106107982,520.396340231077,517.9553432310804
3.3600000000000025,-1.3869808202936127,1.5210450197794843,19.092890130378933,0.20745261336544463,6.2423641328067845,0.0,-0.635527912979393,2.305537413727083,4.9520694727553725,0.10215512479952318,-0.09095619506080933,0.0,477.1856693304074,477.44671279110923,475.390141384943,478.37328719018996
3.4200000000000026,-1.4243852134106796,1.6630591736517994,19.3900583415678,0.2135406195393701,6.236839625328724,0.0,-0.610803440226282,2.4287244295639763,4.953275661945099,0.1000544219476141,-0.09441075548133637,0.0,436.23777520665965,435.94184344916874,436.08188383081836,435.915472315034
3.4800000000000026,-1.4601892810817954,1.8126384316360247,19.687625571748747,0.2192517276784578,6.231517103698078,0.0,-0.5821783353013733,2.5576770460582017,4.965307366544915,0.0830436676970642,-0.07923171780853099,0.0,439.21760217947536,440.46813357160835,441.2049705896742,439.805731729404
3.5400000000000027,-1.4939757843152366,1.970894911267745,19.98969311821191,0.2248618473064692,6.226901169028071,0.0,-0.5435659342608288,2.717872403804077,5.1026610914888755,0.10885458966137036,-0.0726922348401384,0.0,479.8835988972046,480.37558686827384,478.9245625124869,480.89041741398023
3.6000000000000028,-1.5254055920193383,2.138638183175598,20.298926021895483,0.23130771776354653,6.2230736016969175,0.0,-0.5037069026269229,2.8740157628276024,5.2042616134188,0.10442324381798349,-0.05021235063598243,0.0,470.84775134616063,472.58106588491665,470.8072215993021,470.47361191665175
3.660000000000003,-1.5546170274543585,2.3149194386749548,20.61020811727524,0.2374580186714077,6.220157677615532,0.0,-0.4697540484133035,3.0024638301569455,5.171652551898789,0.09836613622188245,-0.04555344338516757,0.0,429.54755048615755,429.94098910636666,430.4662496139235,429.96276664559997
3.720000000000003,-1.581864731685548,2.4985355992513183,20.917619504203216,0.24303504602319315,6.217235862698953,0.0,-0.43826750869862435,3.118489634684843,5.075568032453731,0.07900462313382288,-0.05586805923027886,0.0,408.04023735660587,407.116450618109,410.15702670380114,408.44145607798754
3.780000000000003,-1.6071382412540869,2.689313991653937,21.219798320965367,0.247514016048485,6.213916746559448,0.0,-0.403905229502929,3.2411013844550154,4.997160130074247,0.06409160953059155,-0.054242155742217156,0.0,413.8532305850148,413.9940385947518,415.2013787978759,413.8954125991102
3.840000000000003,-1.6300455118595016,2.888381244946241,21.52074496905625,0.25131689377042665,6.211064236065795,0.0,-0.3594031032279373,3.3946349730006777,5.033922598676412,0.06192212450336617,-0.03670738165451075,0.0,451.57914880774945,452.99022273682806,452.85898681576464,452.68725305142004
3.900000000000003,-1.649983358152804,3.097561400442032,21.827173086296558,0.2560640413673658,6.209556239738198,0.0,-0.30505462120694016,3.5781655668573134,5.179277402700558,0.10086226873353696,-0.008580444690898973,0.0,486.140312422948,488.2434928501009,485.5069687306892,488.42425769021514
3.960000000000003,-1.6671015844126569,3.3162265066485506,22.136136263530183,0.2620459923541878,6.209929116042268,0.0,-0.2655405211939192,3.7110616578296596,5.119438973869488,0.0972672214513913,0.025898755683308287,0.0,423.44172319633833,426.398116337823,423.0976083716141,422.79702296892134
4.020000000000002,-1.6813229608446503,3.5448433565300377,22.448553838825323,0.2679785639958947,6.2112519960757595,0.0,-0.20875175221320857,3.909747145219465,5.293151433874494,0.1019119471724799,0.01295002218185343,0.0,499.02265822036577,498.07636301698733,497.04061775949515,497.38820908920786
4.080000000000001,-1.6924563659866791,3.7844133755708,22.7674304141014,0.2741763813735689,6.212321712061785,0.0,-0.1624809518991751,4.076246051853555,5.335413463575311,0.10593021292155701,0.02613626724659499,0.0,459.3540549123828,460.3986728417382,461.14489070037297,461.47109586473886
4.14,-1.7009800593342086,4.033512748176967,23.086843516641775,0.280624626022254,6.214153398853384,0.0,-0.12179344503709097,4.227440068394753,5.311387246528212,0.11038394201664291,0.03811471475709701,0.0,440.4909294029503,441.48091536585906,439.84556603614374,440.22459625607183
4.199999999999998,-1.7068972501651103,4.292569614669283,23.407548544677084,0.28716231662908065,6.21624104188221,0.0,-0.07570758489856017,4.408109306950064,5.377933801278943,0.10595582298825554,0.027152907770790782,0.0,470.8438758026371,469.9953123388078,470.38623705967893,470.0528723443323
4.259999999999997,-1.7104617636663761,4.560976580191936,23.726843564435093,0.2934360045997195,6.21747457580571,0.0,-0.04319055507582176,4.539193439118757,5.265421370477365,0.10161841264090632,0.0021716556091812608,0.0,414.26205057332606,412.0590047963369,412.3346079692258,411.96162004440816
4.319999999999996,-1.7120203503916005,4.837609464757631,24.04035157943183,0.29970961393250395,6.217370426277812,0.0,-0.008752482257257159,4.6822611578066375,5.184836165086105,0.10987142000472185,-0.010996339311575593,0.0,423.7645407994443,422.6308584748343,423.36274550743934,424.0825059574634
4.379999999999995,-1.7112192502734287,5.124190735322457,24.353176383441326,0.30647051224687516,6.216818688922384,0.0,0.03547231439930512,4.870729272923254,5.24180346127715,0.11777654483318797,-0.005817629499664104,0.0,468.0640219661463,468.4670878604803,469.3194490880156,469.94323599368323
4.439999999999993,-1.7080991424361298,5.42061114553899,24.664438932744616,0.31331572949911646,6.216615894602452,0.0,0.06857038015113541,5.010366971996562,5.13371186835043,0.10544895285889279,0.0010973409238505742,0.0,416.12894767802226,416.73404815075503,415.6291223363322,414.5595383315266
4.499999999999992,-1.7029793188065094,5.725526515406084,24.96935045654307,0.31981147704122215,6.21639222807287,0.0,0.10211104158006441,5.15383749393082,5.030084798128103,0.11336293486462602,-0.01574142395109286,0.0,417.46964490968526,415.9974398720032,417.1288824402136,417.8306961707454
4.559999999999991,-1.695743685085934,6.039573150645439,25.269403131240605,0.3277010687861779,6.216360231607524,0.0,0.13910392772546287,5.31477389918466,4.971422029025715,0.15397861525221326,0.01952152009098576,0.0,429.8544170004603,432.83310007010806,432.29665561647664,435.72163537795643
4.6199999999999894,-1.6861754134579796,6.363943744033233,25.567566346596845,0.3369688852800179,6.217446041208724,0.0,0.17970694473841006,5.498066705017271,4.966678986095374,0.15541516815258158,0.015083501712479972,0.0,451.8551383480031,451.4970693713649,451.260102080419,451.39821029077984
4.679999999999988,-1.674140211804665,6.699692623053483,25.866111859370694,0.3460835778425899,6.218587338179351,0.0,0.22132883103444734,5.694009671299415,4.9839985051706925,0.14378729775076743,0.025918946214833823,0.0,460.3042811165733,461.1610949797244,460.15887755670894,459.2580886806326
4.739999999999987,-1.6597716576350703,7.04658641877916,26.16360841960323,0.3543978402821537,6.220652605095065,0.0,0.25745498038579406,5.869530688468661,4.932157991171598,0.12530626217716628,0.04753041042804984,0.0,437.65716416363546,439.4531666312349,440.240917473231,438.72652538571816
4.799999999999986,-1.6431388149008053,7.404872265439662,26.460023958686467,0.3631136265768973,6.224667528427659,0.0,0.2965943786355731,6.073645502463187,4.947537792771926,0.16913508230155808,0.09037511583590356,0.0,460.3343301235324,463.71579227666797,460.7963421808664,464.26639956595903
4.859999999999984,-1.6242798025600593,7.775297236650031,26.756699613147166,0.37389910625496725,6.230125252788291,0.0,0.3315084930164539,6.2743628422597055,4.940819500370916,0.19528105258061149,0.09211007504267578,0.0,457.13497590517375,457.2799231723634,455.7088282607075,457.82409791852564
4.919999999999983,-1.603376051191375,8.158283818375148,27.05383223267619,0.3854097754593413,6.235194617652191,0.0,0.3647210112236646,6.492410553103228,4.962472837030763,0.18390514623837242,0.06140370301553013,0.0,469.343745364372,466.95903356615645,468.66854644661424,467.817024530724
4.979999999999982,-1.5807625696803953,8.553002869468248,27.34847043805522,0.3959972686283173,6.238844861548392,0.0,0.3887769239470164,6.665450499536082,4.85852026491333,0.15427895696651994,0.05968056333387547,0.0,428.58551396258315,428.4417732414551,428.94655348487055,426.45307734589
5.0399999999999805,-1.5567783860902586,8.958077163818638,27.636512343871523,0.4049174538474105,6.243343503242189,0.0,0.410385398667268,6.837448981151314,4.74274917685027,0.1340617145640481,0.09510225076760796,0.0,422.8194823604952,425.8653856233072,425.4107750505045,423.6971764659078
